{"1c5a9ad472a44073a4ff2a40c72fcb44.texture": {"wrapS": "Repeat", "minFilter": "Trilinear", "name": "PlaneAtlas_Normal 2", "license": "CC0", "flipY": true, "deleted": false, "magFilter": "Bilinear", "created": "2014-09-21T17:48:14.021942+00:00", "_readOnly": false, "dataModelVersion": 2, "modified": "2015-03-03T12:09:39.718052+00:00", "matchFileName": "PlaneAtlas_Normal.png", "repeat": [1, 1], "anisotropy": 1, "offset": [0, 0], "generateMipmaps": true, "id": "1c5a9ad472a44073a4ff2a40c72fcb44.texture", "wrapT": "Repeat"}, "3ddacac294ca44e28210610345c9d778.entity": {"name": "Default Camera", "license": "CC0", "created": "2014-09-16T19:01:25.896Z", "deleted": false, "tags": {}, "_readOnly": false, "modified": "2015-03-11T10:33:52.841849+00:00", "dataModelVersion": 2, "static": false, "components": {"camera": {"fov": 45, "lockedRatio": false, "far": 1000, "followEditorCam": true, "projectionMode": "Perspective", "near": 1, "aspect": 1, "size": 5}, "transform": {"translation": [-15.02139663696289, 17.00969123840332, -23.444053649902344], "scale": [1, 1, 1], "rotation": [-29.789490989511677, -149.04574728928762, 0]}, "script": {"scripts": {"f5c0d41e4a3a4c819b16d8e073f7430b.scriptInstance": {"scriptRef": "GOO_ENGINE_SCRIPTS/OrbitNPanControlScript", "name": "OrbitNPan", "sortValue": 0, "options": {"maxAscent": 89.95, "whenUsed": true, "zoomSpeed": 1, "clampAzimuth": false, "maxAzimuth": 270, "minZoomDistance": 1, "enabled": true, "minAzimuth": 90, "minAscent": -89, "lookAtDistance": 36.10365295410156, "drag": 0.9, "dragButton": "Left", "panButton": "Right", "orbitSpeed": 0.005, "smoothness": 0.4, "maxZoomDistance": 1000}}}}}, "hidden": false, "id": "3ddacac294ca44e28210610345c9d778.entity"}, "16c2eb45f3c842c6b93314bd5bf22e6d.skeleton": {"name": "Skeleton", "license": "CC0", "created": "2014-09-16T19:02:02.931993+00:00", "deleted": false, "joints": {"dce9ae0472b94aec8857aa816c244cc9.joint": {"index": 56, "parentIndex": 40, "name": "turn_quality", "inverseBindPose": [-6.333325395997835e-08, -1.855298630041334e-07, -0.999999999999962, 0, -0.9912986181939327, 0.1316327166923626, 3.8360362540891004e-08, 0, 0.13163271669235496, 0.9912986181939009, -1.9225220154741485e-07, 0, 69.50161337508658, -23.57539165634399, -2.7824142832677943e-08, 1]}, "e784db46dcce4492882657a244c7d638.joint": {"index": 49, "parentIndex": 40, "name": "pedal_r", "inverseBindPose": [0.9999999999999851, -8.74227897739443e-08, 8.74227633730015e-08, 0, 8.742277657347453e-08, 0.99999999999997, 1.509957960887897e-07, 0, -8.742277657347453e-08, -1.5099578844604782e-07, 0.99999999999997, 0, -1.7928766122968478, -73.99815968206667, -9.782478218576449, 1]}, "5ca77290ee30404bad5710505901bf93.joint": {"index": 46, "parentIndex": 40, "name": "acceleration", "inverseBindPose": [-6.948898256818105e-08, -1.898588167763705e-07, -0.9999999999999598, 0, -0.9977661054072802, 0.06680483956827747, 5.665025874277473e-08, 0, 0.0668048395682664, 0.997766105407248, -1.9407687550594614e-07, 0, 71.99547520855191, -18.152336420798967, 3.1173609427259916, 1]}, "19ad4b4601b9484c9100e4f5c68a0dae.joint": {"index": 23, "parentIndex": 0, "name": "door_inner_l", "inverseBindPose": [0.021385902461897793, -0.9997713536074092, 9.99220528798601e-10, 0, 0.9971804531819537, 0.02133047981604961, -0.07194668195261625, 0, 0.0719302270335052, 0.0015386455382541064, 0.9974085701086435, 0, 1.1298572385735113, -19.818614231537037, -0.7241532687367511, 1]}, "eea50a6a9cf54445ae166e12e63cfce5.joint": {"index": 26, "parentIndex": 0, "name": "gear_r", "inverseBindPose": [0.9996573279066089, -0.02595874344517249, -0.0033712643675028226, 0, 0.02594163814647282, 0.9996508520898952, -0.005022088237328121, 0, 0.003500454343143908, 0.004932911214471286, 0.9999817114978302, 0, -22.255587190768598, 14.336353769295322, -3.836843878726049, 1]}, "116dd73109e54854a253d1a61496d41d.joint": {"index": 42, "parentIndex": 41, "name": "stick_roll", "inverseBindPose": [0.005586615422630577, -0.9999844059021933, 1.7484551296485595e-07, 0, 0.9999844059022196, 0.005586615422641693, 6.357302673106246e-08, 0, -6.454883000637687e-08, 1.7448762835523365e-07, 0.9999999999999658, 0, -70.37298019676032, -0.3902215564021273, -5.40787858176544, 1]}, "55b632e5967d4a779438a2aae5f17aa3.joint": {"index": 17, "parentIndex": 16, "name": "nose_wheel", "inverseBindPose": [0.999991738713545, -0.004082309341714428, -1.4692116792064595e-05, 0, 0.004082161585486266, 0.999975409376462, -0.005667933953933008, 0, 3.7830026437184746e-05, 0.0056678258054346144, 0.9999839078862923, 0, 3.4614523501944183, -59.41936248075067, 13.804365036142071, 1]}, "5130c46ba03d455c8bdbab80c4c13539.joint": {"index": 6, "parentIndex": 5, "name": "spoiler_l", "inverseBindPose": [-0.9902434075454495, 0.13930594288540207, -0.003456628460537514, 0, -0.13930506806250853, -0.9902496304235464, -0.00048609926751395444, 0, -0.0034906415712510092, 1.6926795848200292e-07, 0.9999937162486766, 0, -44.97616754238584, -14.693763202438852, -8.712711514436949, 1]}, "bb3c713dc34a4e128c426c82ff70aa95.joint": {"index": 37, "parentIndex": 0, "name": "nozzle_r", "inverseBindPose": [1, 0, 0, 0, 0, 1, 0, 0, 0, 0, 1, 0, -15, 88, -2.89777278900147, 1]}, "432c2999e37e4f82afbe27d02859f6e2.joint": {"index": 40, "parentIndex": -32768, "name": "cockpit_root", "inverseBindPose": [0.9999999999999851, -8.742274808750864e-08, 8.742280505942256e-08, 0, 8.742277657347453e-08, 0.9999999999998865, -3.258413623363511e-07, 0, -8.742277657347455e-08, 3.2584136997909296e-07, 0.9999999999998865, 0, 0, 0, 0, 1]}, "b5c8f84100774543ac42f5e3ae7b1b90.joint": {"index": 50, "parentIndex": 40, "name": "airspeed", "inverseBindPose": [-6.886301939216088e-08, -1.8939071211352554e-07, -0.9999999999999598, 0, -0.9972911861269179, 0.07355493590465896, 5.474585849050002e-08, 0, 0.07355493590464823, 0.9972911861268862, -1.9394289543156892e-07, 0, 71.89271063497529, -18.461114468626256, -2.117710137399371, 1]}, "2897c614f2464a5fa80d557efe0439c7.joint": {"index": 0, "parentIndex": -32768, "name": "root_node", "inverseBindPose": [1, 0, 0, 0, 0, 1, 0, 0, 0, 0, 1, 0, 0, 0, 0, 1]}, "520aff7578674060b17852c773de3c13.joint": {"index": 5, "parentIndex": 0, "name": "pivot_l", "inverseBindPose": [6.366053947113505e-08, -1.0011683748846754e-06, -0.9999999999989937, 0, -0.006446957219966908, 0.9999792979420264, -1.0015579055938835e-06, 0, 0.9999792979430251, 0.006446957220024205, 5.7204722755817285e-08, 0, -7.329144880733475, 4.043565019344617, -31.702681287937306, 1]}, "27211aacfa7b489ab171059f7da40a0a.joint": {"index": 8, "parentIndex": 5, "name": "flap_l", "inverseBindPose": [-0.9916383052029404, 0.129014262828335, 0.003004130590036797, 0, -0.12901488099392988, -0.991642491581915, 5.168467633777645e-07, 0, 0.0029790913935933312, -0.00038706495224896393, 0.9999953859229382, 0, -28.940974721147857, -21.076308344103058, -7.360151118305915, 1]}, "32bf04e5004c492996161f1ddfb32018.joint": {"index": 12, "parentIndex": 11, "name": "stab_outer_l", "inverseBindPose": [-0.9702955889893522, 0.2419216438727745, 1.3727811113078692e-16, 0, -0.2419216438727745, -0.9702955889893522, 1.81885906067261e-18, 0, 1.3364036706892355e-16, -3.144571538894547e-17, 1, 0, -40.41760484690975, -53.37930443051723, -3.531963348388672, 1]}, "d3c105be5dc44c57a610ecb33a59506e.joint": {"index": 2, "parentIndex": 1, "name": "spoiler_r", "inverseBindPose": [0.9902106507046058, 0.13953823143000005, 0.0034565944997975375, 0, -0.1395373789135641, 0.99021669669502, -0.00048724555314469257, 0, -0.003490766970223338, 1.515997675015212e-07, 0.9999938941831579, 0, -45.09181183416448, 14.667378860346254, -8.71312522034951, 1]}, "47c00aa26fd74b02a8d0695e7cfc3676.joint": {"index": 38, "parentIndex": 0, "name": "rudder_r", "inverseBindPose": [0.06772363315334642, 0.027886441194991056, -0.9973144257055763, 0, -0.3807499835833991, 0.9246780570281474, 2.007465115714299e-07, 0, 0.9221945340325872, 0.3797274555387684, 0.07324033080515861, 0, -36.25950142485978, 58.979957393214804, 14.227326797206501, 1]}, "c9d15ac6defe4ba19091d43c2d06b161.joint": {"index": 51, "parentIndex": 40, "name": "altimeter", "inverseBindPose": [-6.915185173200383e-08, -1.8960589942397817e-07, -0.9999999999999593, 0, -0.9975157127308827, 0.07044499285754782, 5.5623267198745776e-08, 0, 0.07044499285753696, 0.997515712730851, -1.940062473348891e-07, 0, 71.95842407664381, -17.00760708012333, -2.1270702709077547, 1]}, "0becb144268d4029932ee3f3aee328b5.joint": {"index": 39, "parentIndex": 0, "name": "rudder_l", "inverseBindPose": [-0.06913426125566645, -0.028251944624279917, -0.9972071984399484, 0, -0.3782814824189471, 0.9256905955525058, -3.491140964401206e-07, 0, 0.9231053662242095, 0.3772250126229541, -0.07468412336109381, 0, -36.12106370950926, 59.068699471754236, -14.211290602589678, 1]}, "e6d7b059f74a4948aa472ae489de4bff.joint": {"index": 43, "parentIndex": 40, "name": "gyro_roll", "inverseBindPose": [1, 0, 0, 0, 0, 1, 0, 0, 0, 0, 1, 0, 0, 0, 0, 1]}, "8997ee2fb8fd4caf99dfb18e56d3d4ce.joint": {"index": 48, "parentIndex": 40, "name": "pedal_l", "inverseBindPose": [-0.9999999999997726, -4.768372147248471e-07, 4.986046981233179e-14, 0, 4.768372147248471e-07, -0.9999999999997726, 2.864375403532579e-14, 0, 4.986045615391256e-14, 2.8643777810646826e-14, 1, 0, -1.6834330550525136, 73.99825969532309, -9.782466888429768, 1]}, "c672689c53f242869f5eb1a4efad9137.joint": {"index": 10, "parentIndex": 9, "name": "stab_outer_r", "inverseBindPose": [0.9702957225481035, 0.24192190052982837, -1.4813444092289314e-17, 0, -0.24192190052982837, 0.9702957225481035, 1.8188622710778094e-18, 0, 1.4813444056374945e-17, 1.8188622666680646e-18, 1, 0, -40.2539423763529, 53.37930367348647, -3.531963348388675, 1]}, "f107a5653470402bbdaafde36dbfef1c.joint": {"index": 30, "parentIndex": 29, "name": "gear_susp_l", "inverseBindPose": [0.0029863435086444528, -0.0002511528691555386, -0.999995490080219, 0, 0.000741613316320815, 0.9999995084377343, -0.00024893923848612776, 0, 0.9999949424774195, -0.000740866669981125, 0.0029865297615707127, 0, 10.422023711858975, 13.542681478057666, -22.404825136694935, 1]}, "9a90599c31b04f348845f1401d926e12.joint": {"index": 15, "parentIndex": 0, "name": "gear_nose", "inverseBindPose": [0.9999967761741321, 0.0025381606318595185, -1.439170488346555e-05, 0, -0.0025382013860121497, 0.999980719914187, -0.005670022310454296, 0, 1.5711407058169288e-19, 0.005670040560631011, 0.9999839436360838, 0, 3.523162790111857, -60.940401806451476, 0.3455400998934106, 1]}, "b9d114cdeed14e75a3860e8583129309.joint": {"index": 28, "parentIndex": 27, "name": "wheel_r", "inverseBindPose": [0.999970014257446, -0.00335235713612129, 0.006971978567714688, 0, 0.0069525638368515275, -0.005768134897938494, -0.999959337259306, 0, 0.003392436121568072, 0.9999775434924641, -0.005744656792589042, 0, -25.468271930205482, 11.473763763343376, -13.591705187599084, 1]}, "1ffda6d7139b4a7d94e4849d9bff56c6.joint": {"index": 20, "parentIndex": 0, "name": "canard_r", "inverseBindPose": [6.123233995736685e-17, -6.123233995736685e-17, -1, 0, 6.123233995736685e-17, 0.9999999999999867, -6.123233995736766e-17, 0, 0.9999999999999867, -6.123233995736685e-17, 6.123233995736766e-17, 0, -6.999556541442779, -38.6687431335444, 18.607450485229496, 1]}, "e0efb06e68c14a678a86c75f71f99cbe.joint": {"index": 14, "parentIndex": 0, "name": "canopy", "inverseBindPose": [1, 0, 0, 0, 0, 1, 0, 0, 0, 0, 1, 0, 4.311694145202637, -29.99417495727539, -15.04090118408203, 1]}, "3cfabe476f6b4d359e1313059863e7fe.joint": {"index": 53, "parentIndex": 40, "name": "climb", "inverseBindPose": [-6.860445293272798e-08, -1.8919927489170715e-07, -0.9999999999999597, 0, -0.9970824540182034, 0.07633231155014175, 5.3962276029758245e-08, 0, 0.07633231155013119, 0.9970824540181712, -1.9388400565920967e-07, 0, 71.84630081071292, -18.581224079223933, -3.21904371459996, 1]}, "84d9bf382dbc4c26b0598480af01a0a4.joint": {"index": 11, "parentIndex": 0, "name": "stab_inner_l", "inverseBindPose": [1, 0, 0, 0, 0, 1, 0, 0, 0, 0, 1, 0, 0, 0, 0, 1]}, "813ce9fbd9dd40ecb42f17d36212a9fb.joint": {"index": 34, "parentIndex": 0, "name": "break_top", "inverseBindPose": [1, 0, 0, 0, 0, 0.9936678605218394, -0.11235747707572079, 0, 0, 0.11235747707572079, 0.9936678605218394, 0, 7.243803977966309, 61.85833809092191, -13.529503219850483, 1]}, "aa881fc1cfd949c8a5456f3853b04c5a.joint": {"index": 22, "parentIndex": 0, "name": "door_inner_r", "inverseBindPose": [-0.025917096818834497, -0.9996640636306534, -1.8409193124019895e-07, 0, 0.9970735247141368, -0.025849915632594516, -0.07194677902402861, 0, 0.07192262015410944, -0.0018648351489935816, 0.9974083762309949, 0, 1.2242583442246597, 19.845761371249345, -0.7244195518323672, 1]}, "7a774ae84d51445d834eb2c7c78de783.joint": {"index": 36, "parentIndex": 0, "name": "hook", "inverseBindPose": [1, 0, 0, 0, 0, 0.9931706555064734, 0.11667084377575183, 0, 0, -0.11667084377575183, 0.9931706555064734, 0, 1.8488696813583374, 55.23582961141254, 7.28159399531188, 1]}, "740a15672ec641d29829f001b94c5632.joint": {"index": 33, "parentIndex": 0, "name": "door_main_l", "inverseBindPose": [0.06651929602789466, -0.9977851265323614, 6.109671882148673e-17, 0, 0.9977851265323614, 0.06651929602789466, 5.715920775931248e-17, 0, -6.109671807223466e-17, 5.715920705834761e-17, 1, 0, 1.3392430496096879, -27.877086512050962, -5.642342567443846, 1]}, "d3c485c565514fa494d78777a1472906.joint": {"index": 55, "parentIndex": 40, "name": "throttle_l", "inverseBindPose": [0.9997164853165956, 0.02380995555325591, 9.87762739142387e-08, 0, -0.023809955553270826, 0.9997164853165817, 1.5086061509097348e-07, 0, -9.51562848501599e-08, -1.5316970258306484e-07, 0.999999999999968, 0, 6.482360653724091, -70.1130196651125, -7.667720903450777, 1]}, "35d8172e723c4d868e3d00c424db2ac0.joint": {"index": 52, "parentIndex": 40, "name": "ground_alt", "inverseBindPose": [-6.8582828753622e-08, -3.083925975842292e-07, -0.9999999999999005, 0, -0.9970646975912341, 0.07656432765882824, 4.476964071157125e-08, 0, 0.07656432765881409, 0.9970646975911418, -3.127383366176233e-07, 0, 71.84781378318242, -17.447945007112896, -3.3234944579031236, 1]}, "e114d78c3ef84a45991fa8ce6ad153fe.joint": {"index": 41, "parentIndex": 40, "name": "stick_pitch", "inverseBindPose": [1, 0, 0, 0, 0, 1, 0, 0, 0, 0, 1, 0, 0, 0, 0, 1]}, "6e5835ad8b2b45f4beb74dad8f36cbc1.joint": {"index": 44, "parentIndex": 43, "name": "gyro_pitch", "inverseBindPose": [0.9999999999998409, 3.894143674187365e-07, 8.742293289285959e-08, 0, -3.894143674187326e-07, 0.9999999999998486, -4.485301019485275e-14, 0, -8.742293289286382e-08, 1.0809264084482464e-14, 0.9999999999999925, 0, -2.0776889852900884, -73.45449147070363, -13.099729719600736, 1]}, "da60b0dc92284ef79f8352062521f2dc.joint": {"index": 45, "parentIndex": 40, "name": "gyro_compass", "inverseBindPose": [1, 0, 0, 0, 0, 1, 0, 0, 0, 0, 1, 0, 0, 0, 0, 1]}, "3737c1bdeb4847d5be1b0dfc40ca7c8e.joint": {"index": 16, "parentIndex": 15, "name": "nose_susp", "inverseBindPose": [-1.4636670378039542e-05, -3.8802603510007205e-07, -1.0000001189949235, 0, 0.0032981528530016263, 0.9999946059038362, -4.362979196261977e-07, 0, 0.9999947247841426, -0.003298152466593576, -1.4635310346921858e-05, 0, 12.24778023890571, -60.95931605673906, -0.005728647833303372, 1]}, "d499210adf4d4f63bab25e690d651509.joint": {"index": 25, "parentIndex": 0, "name": "door_rear_l", "inverseBindPose": [0.06189643999083578, -0.998082635270076, -1.9687208617561353e-07, 0, 0.9976850199451712, 0.061871790510039604, 0.028220006850615917, 0, -0.028165882947104443, -0.0017469145536662958, 0.9996017509837289, 0, 10.397000490474158, -23.94844688914464, -4.0680396626020014, 1]}, "c941ac452b3240f7affb8002dadd9cd4.joint": {"index": 21, "parentIndex": 0, "name": "canard_l", "inverseBindPose": [6.123233995736464e-17, -6.123233995736464e-17, -1, 0, 6.123233995736464e-17, 0.9999999999999507, -6.123233995736766e-17, 0, 0.9999999999999507, -6.123233995736464e-17, 6.123233995736766e-17, 0, -7.0187935829159125, -38.6581802368145, -18.638664245605465, 1]}, "6fb6fd7fc1e14ae9bbe9c1ba57791493.joint": {"index": 1, "parentIndex": 0, "name": "pivot_r", "inverseBindPose": [6.123233995736465e-17, 0.9999999998799319, 1.0955329342944041e-05, 0, 6.123233995736464e-17, -1.0955329342943507e-05, 0.9999999998799809, 0, 0.9999999999999507, -6.123166912956497e-17, -6.123301077046928e-17, 0, -7.300194263457894, -31.723645190509195, 4.089602064868058, 1]}, "355b1d2da2f443e99dbf6893e5ba5958.joint": {"index": 27, "parentIndex": 26, "name": "gear_susp_r", "inverseBindPose": [-0.003352260721247802, -0.00697575752304607, -0.9999699884785355, 0, -0.005768405729939442, 0.9999593079510293, -0.006956342397325799, 0, 0.9999775410486168, 0.005744915468522748, -0.0033923633090699986, 0, 10.337391585418823, 13.605943609747404, 22.440874240762895, 1]}, "8f7c3f8a82434c3fa080c68db0c506d9.joint": {"index": 47, "parentIndex": 40, "name": "compass_2", "inverseBindPose": [6.123233995735427e-17, 1.716629754057984e-06, 0.9999999999968878, 0, 6.123233995735425e-17, -0.9999999999970008, 1.71662975405779e-06, 0, 0.9999999999997811, 6.123223484392734e-17, -6.123244507043378e-17, 0, -15.654145240780265, 74.62590482282955, -1.7913680819312805, 1]}, "fcb52bd86ec14f8db9e90b3a9d31a90a.joint": {"index": 13, "parentIndex": 0, "name": "nozzle_l", "inverseBindPose": [-0.9999999999996816, -5.642599486657112e-07, 1.224646453637783e-16, 0, 5.642599486657112e-07, -0.9999999999996816, 9.749827750465943e-30, 0, 1.2246464536373932e-16, 6.910190425538308e-23, 1, 0, -14.999950345119741, -88.00000846387121, -2.8977727890014684, 1]}, "490e37dade934333954aa9ae274c67a1.joint": {"index": 19, "parentIndex": 0, "name": "door_nose_r", "inverseBindPose": [-4.3692148397454374e-08, -1.3221638575016695e-08, -0.999999999999998, 0, 0.9995598339568468, 0.029666360984472544, -4.406515649921431e-08, 0, 0.029666360984473075, -0.9995598339568487, 1.1919632352882226e-08, 0, -58.98303550989193, -3.9715600507923705, 3.890579469053213, 1]}, "f83ef30245b9444db07935ba2a06da8d.joint": {"index": 18, "parentIndex": 0, "name": "door_nose_l", "inverseBindPose": [1.1919632108652561e-08, -1.1571118712724878e-08, -0.9999999999999998, 0, 0.9995598622362151, 0.02966588498663854, 1.1571118549101176e-08, 0, 0.029665884986638403, -0.9995598622362151, 1.191963246514764e-08, 0, -58.938952928049936, -3.9736724933322, -3.8867678055223687, 1]}, "19d1ec21ac0c4d6a8eb9401d67c76e6d.joint": {"index": 24, "parentIndex": 0, "name": "door_rear_r", "inverseBindPose": [-0.06270347686106903, -0.9980321886300111, 2.7077209613967937e-09, 0, 0.9976346738891895, -0.06267850651094821, 0.02821998824295042, 0, -0.02816445672184329, 0.0017694942226260217, 0.9996016921673662, 0, 10.39594241516307, 23.90214579678123, -4.068543078734904, 1]}, "99ec1b7b8934467c981a9250c0d15a2f.joint": {"index": 32, "parentIndex": 0, "name": "door_main_r", "inverseBindPose": [-0.03701179357617049, -0.9993148130251235, 6.127429459219156e-17, 0, 0.9993148130251235, -0.03701179357617049, 5.896602119486635e-17, 0, -5.665774690221167e-17, 6.341474844811474e-17, 1, 0, 0.5051003727135315, 27.58826223227735, -5.642342567443849, 1]}, "d060fdea04114faeb1d980a4c301045f.joint": {"index": 58, "parentIndex": 40, "name": "flaps_lever", "inverseBindPose": [0.9999864213019959, -0.005212328920587305, 8.493737760295508e-08, 0, 0.00521232892057448, 0.9999864213019808, 1.5098933872656e-07, 0, -8.572323036090076e-08, -1.5054456693821098e-07, 0.9999999999999701, 0, 4.154601559849959, -72.90905800177218, -10.238388191022535, 1]}, "079eaf27a66c4908bb9391bef720107e.joint": {"index": 57, "parentIndex": 40, "name": "hook_lever", "inverseBindPose": [0.9999999999999851, -8.74227897739443e-08, 8.74227633730015e-08, 0, 8.742277657347453e-08, 0.99999999999997, 1.509957960887897e-07, 0, -8.742277657347453e-08, -1.5099578844604782e-07, 0.99999999999997, 0, -4.044866269695991, -72.91955367829074, -10.809296528038333, 1]}, "4087fdf6b79b4fb089932bc81e90d791.joint": {"index": 31, "parentIndex": 30, "name": "wheel_l", "inverseBindPose": [-0.999976295582002, -0.006877957764043231, 0.00024610299697042006, 0, -0.000240947837518313, -0.0007503431148442118, -0.9999994981457508, 0, 0.006878142426191625, -0.9999757337704069, 0.0007486682196174709, 0, -25.343558276202373, -11.651449195197111, -13.528555218357196, 1]}, "d63f4d248bef45388c718f360515dd77.joint": {"index": 54, "parentIndex": 40, "name": "throttle_r", "inverseBindPose": [0.9999999999999851, -8.74227897739443e-08, 8.74227633730015e-08, 0, 8.742277657347453e-08, 0.99999999999997, 1.509957960887897e-07, 0, -8.742277657347453e-08, -1.5099578844604782e-07, 0.99999999999997, 0, 4.416741622872171, -70.24097365459973, -7.667721001064793, 1]}, "548cac2167d74367af11e4c3841c66d4.joint": {"index": 7, "parentIndex": 5, "name": "slat_l", "inverseBindPose": [-0.9514916821857591, 0.3062466384166223, 0.029600800931748144, 0, -0.3063916205540775, -0.9519054626000798, -0.0003836446598896211, 0, 0.02805966481888024, -0.009434472979632772, 0.9995618459655427, 0, -35.269798436832495, 7.254190142240498, -0.9296355809406687, 1]}, "fcfa704263c646d7bb33650acc82dfd3.joint": {"index": 29, "parentIndex": 0, "name": "gear_l", "inverseBindPose": [-0.9996572663597835, -0.026131849014028204, 0.0015523331216182722, 0, 0.026126802091260354, -0.9996535362843403, -0.0031868580791757192, 0, 0.0016350738081555955, -0.0031452084516777608, 0.9999936926447508, 0, -22.218488014683935, -14.33057252882015, -3.8527262595557845, 1]}, "95d311a77aaf4c56861aaf131522356e.joint": {"index": 9, "parentIndex": 0, "name": "stab_inner_r", "inverseBindPose": [1, 0, 0, 0, 0, 1, 0, 0, 0, 0, 1, 0, 0, 0, 0, 1]}, "2d1f3bb94a1545cb88f08b755701377c.joint": {"index": 35, "parentIndex": 0, "name": "break_bottom", "inverseBindPose": [1, 0, 0, 0, 0, 0.9933728045567555, 0.11493736470951113, 0, 0, -0.11493736470951113, 0.9933728045567555, 0, 7.356846809387207, 62.91620532291077, 6.085680377176369, 1]}, "f2ade08941584afba22543756677b3c9.joint": {"index": 3, "parentIndex": 1, "name": "slat_r", "inverseBindPose": [0.9515989007252307, 0.30576100852418714, -0.031138626034667053, 0, -0.3060846897423275, 0.9519845783687658, -0.006102824259945061, 0, 0.027777482596578997, 0.015338492671118465, 0.9994966656173968, 0, -35.03198768266151, -7.181661366635593, -0.9123427915922395, 1]}, "461a19e658da4b63b9357ce6c9ebe816.joint": {"index": 4, "parentIndex": 1, "name": "flap_r", "inverseBindPose": [0.9916381117205213, 0.12901415866135008, -0.0030013887703679363, 0, -0.12901495891284845, 0.9916425113296864, -7.215147327785592e-05, 0, 0.002966996176278616, 0.00045877217213729956, 0.9999955163905064, 0, -29.1065164440697, 21.047717948910826, -7.3615119178022, 1]}}, "_readOnly": false, "dataModelVersion": 2, "modified": "2014-09-16T19:02:02.932041+00:00", "id": "16c2eb45f3c842c6b93314bd5bf22e6d.skeleton"}, "f869e8cc7d564d14b47f48fe98f0e2ac.skybox": {"box": {"enabled": false}, "name": "Skybox", "license": "CC0", "created": "2014-09-16T19:05:07.194Z", "deleted": false, "_readOnly": false, "dataModelVersion": 2, "modified": "2014-11-12T10:05:19.431749+00:00", "sphere": {"enabled": true}, "id": "f869e8cc7d564d14b47f48fe98f0e2ac.skybox"}, "f58c9af4a2414362b445b9e31d1fc57e.texture": {"wrapS": "Repeat", "minFilter": "Trilinear", "name": "ref_sphere.jpg", "license": "CC0", "flipY": true, "deleted": false, "magFilter": "Bilinear", "created": "2014-09-18T17:38:28.805141+00:00", "_readOnly": false, "dataModelVersion": 2, "modified": "2015-02-27T08:39:46.618912+00:00", "repeat": [1, 1], "imageRef": "11f239fc30fb64b0813733a992b51fb4197fb189.jpg", "offset": [0, 0], "id": "f58c9af4a2414362b445b9e31d1fc57e.texture", "generateMipmaps": true, "anisotropy": 1, "wrapT": "Repeat"}, "aa75492d570149d4b0a77c62be87676d.entity": {"name": "fuselage", "license": "CC0", "created": "2014-09-16T19:02:03.082338+00:00", "deleted": false, "tags": {}, "_readOnly": false, "modified": "2014-11-20T08:41:16.432397+00:00", "dataModelVersion": 2, "static": false, "components": {"transform": {"rotation": [-90, 180, 0], "scale": [0.1, 0.1, 0.1], "translation": [0, 0, 0]}, "meshRenderer": {"reflectable": true, "materials": {"7692311bce374bb584e5b75570b123df.material": {"materialRef": "7692311bce374bb584e5b75570b123df.material", "sortValue": 0}}, "receiveShadows": true, "cullMode": "Dynamic", "castShadows": true}, "meshData": {"meshRef": "fc5fd27718304ce786d4a9a1bf4a08bb.mesh", "poseRef": "16c2eb45f3c842c6b93314bd5bf22e6d.skeleton"}}, "hidden": false, "id": "aa75492d570149d4b0a77c62be87676d.entity"}, "67dfe4fcdd3b43f5b102c1411cdcdc6f.entity": {"name": "pylons", "license": "CC0", "created": "2014-09-16T19:02:03.032679+00:00", "deleted": false, "tags": {}, "_readOnly": false, "modified": "2015-03-03T12:09:59.970582+00:00", "dataModelVersion": 2, "static": false, "components": {"transform": {"rotation": [-90, 180, 0], "scale": [0.1, 0.1, 0.1], "translation": [0, 0, 0]}, "meshRenderer": {"reflectable": true, "materials": {"7692311bce374bb584e5b75570b123df.material": {"materialRef": "7692311bce374bb584e5b75570b123df.material", "sortValue": 0}}, "receiveShadows": true, "cullMode": "Dynamic", "castShadows": true}, "meshData": {"meshRef": "8d9a193be6344d0d96aebabab49e7a2b.mesh", "poseRef": "16c2eb45f3c842c6b93314bd5bf22e6d.skeleton"}}, "hidden": false, "id": "67dfe4fcdd3b43f5b102c1411cdcdc6f.entity"}, "57dc831a8634477f80d2ba93261da783.texture": {"wrapS": "Repeat", "minFilter": "Trilinear", "name": "PlaneAtlas.png", "license": "CC0", "flipY": true, "deleted": false, "magFilter": "Bilinear", "created": "2014-09-16T17:20:54.454Z", "_readOnly": false, "dataModelVersion": 2, "modified": "2015-02-27T08:39:46.561355+00:00", "repeat": [1, 1], "imageRef": "3c2eb6f8149b92e74eaeb1d12d9e1d48387ec1e1.png", "lodBias": 0, "offset": [0, 0], "id": "57dc831a8634477f80d2ba93261da783.texture", "generateMipmaps": true, "anisotropy": 1, "wrapT": "Repeat"}, "b22d7f782cc44e44a008329722851934.texture": {"wrapS": "Repeat", "minFilter": "Trilinear", "name": "tomcat_cockpit_AO.png", "license": "CC0", "flipY": true, "deleted": false, "magFilter": "Bilinear", "created": "2014-09-22T22:29:46.032716+00:00", "_readOnly": false, "dataModelVersion": 2, "modified": "2015-03-03T12:09:39.930581+00:00", "repeat": [1, 1], "imageRef": "e639feed02950f9cfec68c6f8ee97fe25c9f9986.png", "offset": [0, 0], "id": "b22d7f782cc44e44a008329722851934.texture", "generateMipmaps": true, "anisotropy": 1, "wrapT": "Repeat"}, "acd2318ccd41438298b581c3a981ef56.environment": {"sound": {"volume": 1, "dopplerFactor": 0, "reverb": 0, "rolloffFactor": 0.4, "maxDistance": 100}, "backgroundColor": [0, 0, 0, 1], "license": "CC0", "created": "2014-09-16T19:01:25.892Z", "deleted": false, "_readOnly": false, "dataModelVersion": 2, "modified": "2014-11-20T08:51:24.036281+00:00", "weather": {"snow": {"velocity": 10, "rate": 10, "enabled": false, "height": 25}}, "fog": {"color": [1, 1, 1], "far": 996, "near": 0, "enabled": false}, "globalAmbient": [0, 0, 0, 0], "skyboxRef": "f869e8cc7d564d14b47f48fe98f0e2ac.skybox", "id": "acd2318ccd41438298b581c3a981ef56.environment", "name": "Default Environment"}, "e962df34551e49ce97ea285cc7e3b356.entity": {"name": "Directional", "license": "CC0", "created": "2014-09-16T19:01:37.053274+00:00", "deleted": false, "tags": {}, "_readOnly": false, "modified": "2015-03-03T12:09:39.983783+00:00", "dataModelVersion": 2, "static": false, "components": {"light": {"direction": [0, 0, 0], "shadowCaster": false, "color": [1, 1, 1, 1], "intensity": 1.04, "range": 60, "specularIntensity": 4.25, "penumbra": 5, "angle": 30, "type": "DirectionalLight", "shadowSettings": {"fov": 30, "darkness": 1, "far": 60, "near": 1, "resolution": [256, 256], "shadowType": "Basic", "size": 100}}, "transform": {"rotation": [-38, 21, -18], "scale": [1, 1, 1], "translation": [16, 20.5, 23.3]}}, "hidden": true, "id": "e962df34551e49ce97ea285cc7e3b356.entity"}, "58b8455c936e4568bc766996a24d607e.texture": {"wrapS": "Repeat", "minFilter": "Trilinear", "name": "tomcat_lights_diffuse.png", "license": "CC0", "flipY": true, "deleted": false, "magFilter": "Bilinear", "created": "2014-10-30T22:49:09.087799+00:00", "_readOnly": false, "dataModelVersion": 2, "modified": "2014-10-30T22:49:09.087851+00:00", "repeat": [1, 1], "imageRef": "bb25218f7fde4edc68460c8e57cb16f5c9554594.png", "offset": [0, 0], "id": "58b8455c936e4568bc766996a24d607e.texture", "generateMipmaps": true, "anisotropy": 1, "wrapT": "Repeat"}, "dd61d4a337ca430cade1f0f1e73788ee.texture": {"wrapS": "Repeat", "minFilter": "Trilinear", "name": "PlaneAtlas_Normal.png", "license": "CC0", "flipY": true, "deleted": false, "magFilter": "Bilinear", "created": "2014-09-16T19:02:05.090195+00:00", "_readOnly": false, "dataModelVersion": 2, "modified": "2014-11-20T08:41:17.846630+00:00", "repeat": [1, 1], "imageRef": "ed971259df76bc8c5bfb5eef04ed59d84ffedfbe.png", "anisotropy": 1, "offset": [0, 0], "generateMipmaps": true, "id": "dd61d4a337ca430cade1f0f1e73788ee.texture", "wrapT": "Repeat"}, "8663b816634b45c98fb83bfdeb7c85a0.material": {"texturesMapping": {"SPECULAR_MAP": {"enabled": true, "textureRef": "8a64b1886916496d9da4d42ee745ba35.texture"}, "AO_MAP": {"enabled": true, "textureRef": "caf0cab7b2b44fcabe2d84b2ca72a45f.texture"}, "DIFFUSE_MAP": {"enabled": true, "textureRef": "58b8455c936e4568bc766996a24d607e.texture"}, "EMISSIVE_MAP": {"enabled": true, "textureRef": "be88fe1e798a4b448b57de932ad0258e.texture"}}, "flat": false, "cullState": {"frontFace": "CCW", "enabled": false, "cullFace": "Back"}, "uniforms": {"opacity": {"enabled": false, "value": 1}, "refractivity": {"enabled": false, "value": 0}, "materialAmbient": {"enabled": true, "value": [0.5333333333333333, 0.5333333333333333, 0.5333333333333333, 1]}, "materialSpecular": {"enabled": true, "value": [0.14166666666666672, 0.14166666666666672, 0.14166666666666672, 1]}, "fresnel": {"enabled": true, "value": 0}, "reflectivity": {"enabled": true, "value": 0}, "materialSpecularPower": {"enabled": true, "value": 84.59}, "materialDiffuse": {"enabled": true, "value": [0.4, 0.4, 0.4, 1]}, "vertexColorAmount": {"enabled": true, "value": 1}, "materialEmissive": {"enabled": true, "value": [1, 1, 1, 1]}, "discardThreshold": {"enabled": false, "value": 0}, "normalMultiplier": {"enabled": true, "value": 1}, "etaRatio": {"enabled": true, "value": -0.5}, "reflectionType": 0, "wrapSettings": {"enabled": true, "value": [0, 0]}}, "name": "lights_mat", "license": "CC0", "created": "2014-09-16T19:02:03.138013+00:00", "deleted": false, "wireframe": false, "_readOnly": false, "dataModelVersion": 2, "blendState": {"blendEquation": "AddEquation", "blendSrc": "OneFactor", "blendDst": "SrcAlphaFactor", "blending": "AdditiveBlending"}, "modified": "2014-11-12T10:01:16.885759+00:00", "dualTransparency": true, "depthState": {"write": false, "enabled": true}, "shaderRef": "GOO_ENGINE_SHADERS/uber", "id": "8663b816634b45c98fb83bfdeb7c85a0.material", "renderQueue": 2000}, "c1dacc411dfc4fec8581b9039f71cd27.texture": {"wrapS": "Repeat", "minFilter": "Trilinear", "name": "PlaneAtlas_Normal 3", "license": "CC0", "flipY": true, "deleted": false, "magFilter": "Bilinear", "created": "2014-09-21T17:48:34.536858+00:00", "_readOnly": false, "dataModelVersion": 2, "modified": "2015-03-03T12:09:40.037011+00:00", "matchFileName": "PlaneAtlas_Normal.png", "repeat": [1, 1], "anisotropy": 1, "offset": [0, 0], "generateMipmaps": true, "id": "c1dacc411dfc4fec8581b9039f71cd27.texture", "wrapT": "Repeat"}, "8d24583f4e3f49769a63871dfab6a33a.texture": {"wrapS": "Repeat", "minFilter": "Trilinear", "name": "PlaneAtlas.png", "license": "CC0", "flipY": true, "deleted": false, "magFilter": "Bilinear", "created": "2014-09-23T23:13:11.942690+00:00", "_readOnly": false, "dataModelVersion": 2, "modified": "2015-03-03T12:09:40.095455+00:00", "repeat": [1, 1], "imageRef": "556d4dab93a7a3a02f71cff43cf7b3353f6e5c31.png", "offset": [0, 0], "id": "8d24583f4e3f49769a63871dfab6a33a.texture", "generateMipmaps": true, "anisotropy": 1, "wrapT": "Repeat"}, "e9e7c96febab48459e92e7b329df418b.entity": {"name": "glass", "license": "CC0", "created": "2014-09-16T19:02:03.242868+00:00", "deleted": false, "tags": {}, "_readOnly": false, "modified": "2015-03-03T12:09:40.148335+00:00", "dataModelVersion": 2, "static": false, "components": {"transform": {"rotation": [-90, 180, 0], "scale": [0.1, 0.1, 0.1], "translation": [0, 0, 0]}, "meshRenderer": {"reflectable": true, "materials": {"6d762e77f43a4d10b2541cdc4ff10f38.material": {"materialRef": "6d762e77f43a4d10b2541cdc4ff10f38.material", "sortValue": 0}}, "receiveShadows": true, "cullMode": "Dynamic", "castShadows": true}, "meshData": {"meshRef": "e3afff9c56034d37a57d0707349f93f5.mesh", "poseRef": "16c2eb45f3c842c6b93314bd5bf22e6d.skeleton"}}, "hidden": false, "id": "e9e7c96febab48459e92e7b329df418b.entity"}, "78232ab4a23548719a479db1309c6082.texture": {"wrapS": "Repeat", "minFilter": "Trilinear", "name": "tomcat_decals.png", "license": "CC0", "flipY": true, "deleted": false, "magFilter": "Bilinear", "created": "2014-09-16T19:02:03.291051+00:00", "_readOnly": false, "dataModelVersion": 2, "modified": "2015-03-03T12:09:40.200125+00:00", "repeat": [1, 1], "imageRef": "06f169f8c717393d857e609be57dc534b48f7ee2.png", "offset": [0, 0], "id": "78232ab4a23548719a479db1309c6082.texture", "generateMipmaps": true, "anisotropy": 1, "wrapT": "Repeat"}, "2c84227fc0414f9388bab26d42a4fc0f.entity": {"name": "TomcatSkinned", "license": "CC0", "created": "2014-09-16T17:14:55.645264+00:00", "deleted": false, "tags": {}, "_readOnly": false, "modified": "2015-03-11T09:19:51.047696+00:00", "originalAsset": {"version": "7c23749934fd4c6eb74cc12f23a18caf", "id": "8ca368d760464e12ae358828bdaebca0"}, "dataModelVersion": 2, "static": false, "components": {"animation": {"layersRef": "5dc24b3214304b4594ce76280bf119e9.animation", "poseRef": "16c2eb45f3c842c6b93314bd5bf22e6d.skeleton"}, "transform": {"rotation": [0, 0, 0], "scale": [1, 1, 1], "translation": [0, 0, 0], "children": {"cc83d559e87f4fe79780224cbf46f6d9.entity": {"entityRef": "cc83d559e87f4fe79780224cbf46f6d9.entity", "sortValue": 4}, "75e7081ab1f543699840e805fbc8e696.entity": {"entityRef": "75e7081ab1f543699840e805fbc8e696.entity", "sortValue": 1}, "67dfe4fcdd3b43f5b102c1411cdcdc6f.entity": {"entityRef": "67dfe4fcdd3b43f5b102c1411cdcdc6f.entity", "sortValue": 7}, "59d0f4297dba4be6bd6cc77680ebddc0.entity": {"entityRef": "59d0f4297dba4be6bd6cc77680ebddc0.entity", "sortValue": 6}, "9fe0bfddddae4e37aa96fe6dc2cd896f.entity": {"entityRef": "9fe0bfddddae4e37aa96fe6dc2cd896f.entity", "sortValue": 3}, "c98a847c20aa4818a26c5be9e0711313.entity": {"entityRef": "c98a847c20aa4818a26c5be9e0711313.entity", "sortValue": 5}, "aa75492d570149d4b0a77c62be87676d.entity": {"entityRef": "aa75492d570149d4b0a77c62be87676d.entity", "sortValue": 8}, "e9e7c96febab48459e92e7b329df418b.entity": {"entityRef": "e9e7c96febab48459e92e7b329df418b.entity", "sortValue": 2}}}}, "hidden": false, "id": "2c84227fc0414f9388bab26d42a4fc0f.entity"}, "1db0344b46e34cb591e90be76485aff4.mesh": {"name": "4", "license": "CC0", "created": "2014-09-16T19:02:03.391131+00:00", "boundingVolume": {"max": [124.35636711120605, 142.60523986816406, 48.42207336425781], "type": "BoundingBox", "min": [-124.3354434967041, -155.97159576416016, -37.37839698791504]}, "_readOnly": false, "modified": "2014-09-16T19:02:03.391164+00:00", "dataModelVersion": 2, "deleted": false, "vertexCount": 7279, "indexModes": ["Triangles"], "indices": [869964, 11760, "uint16"], "attributes": {"NORMAL": {"dimensions": 3, "value": [893484, 21837, "float32"]}, "JOINTIDS": {"dimensions": 4, "value": [1417572, 29116, "uint8"]}, "TEXCOORD0": {"dimensions": 2, "value": [1039064, 14558, "float32"]}, "TANGENT": {"dimensions": 4, "value": [1097296, 29116, "float32"]}, "POSITION": {"dimensions": 3, "value": [1213760, 21837, "float32"]}, "WEIGHTS": {"dimensions": 4, "value": [1301108, 29116, "float32"]}, "TEXCOORD1": {"dimensions": 2, "value": [980832, 14558, "float32"]}}, "indexLengths": [11760], "type": "SkinnedMesh", "id": "1db0344b46e34cb591e90be76485aff4.mesh", "binaryRef": "74a81eb57b713b8c9e4063624236f8612f4b63ce.bin"}, "f812fde3e2c94d159e5d406471ea212b.texture": {"wrapS": "Repeat", "minFilter": "Trilinear", "name": "transparent_white_pixel.png", "license": "CC0", "flipY": true, "deleted": false, "magFilter": "Bilinear", "created": "2014-10-30T21:22:32.978Z", "_readOnly": false, "dataModelVersion": 2, "modified": "2014-10-30T21:22:54.342404+00:00", "repeat": [76.96, 100], "imageRef": "b7867fe0c8e18c5ad8562fbb5587564f5d079351.png", "lodBias": 0, "anisotropy": 1, "offset": [0, 0], "generateMipmaps": true, "id": "f812fde3e2c94d159e5d406471ea212b.texture", "wrapT": "Repeat"}, "7230047a68e0459395d797100183847b.texture": {"wrapS": "Repeat", "minFilter": "Trilinear", "name": "tomcat_ao 3", "license": "CC0", "flipY": true, "deleted": false, "magFilter": "Bilinear", "created": "2014-09-21T17:48:34.277748+00:00", "_readOnly": false, "dataModelVersion": 2, "modified": "2015-03-03T12:09:40.254595+00:00", "matchFileName": "tomcat_ao.jpg", "repeat": [1, 1], "anisotropy": 1, "offset": [0, 0], "generateMipmaps": true, "id": "7230047a68e0459395d797100183847b.texture", "wrapT": "Repeat"}, "7b5fa37aff824fe9886e5dda7f6f9266.texture": {"wrapS": "Repeat", "minFilter": "Trilinear", "name": "PlaneAtlasCM.png", "license": "CC0", "flipY": true, "deleted": false, "magFilter": "Bilinear", "created": "2014-09-16T17:24:35.794383+00:00", "_readOnly": false, "dataModelVersion": 2, "modified": "2015-02-27T08:39:46.551096+00:00", "repeat": [1, 1], "imageRef": "e7d97e4e3573dff0e22fc784c2226c2c0753e3e8.png", "offset": [0, 0], "id": "7b5fa37aff824fe9886e5dda7f6f9266.texture", "generateMipmaps": true, "anisotropy": 1, "wrapT": "Repeat"}, "551736aacb8a460e8427fea4d18731b0.posteffects": {"name": "Post effects", "license": "CC0", "created": "2014-09-16T19:01:36.687330+00:00", "deleted": false, "_readOnly": false, "dataModelVersion": 2, "posteffects": {"04a54a4004104263a57ddf03934469f8.posteffect": {"name": "Bloom", "enabled": true, "sortValue": 1, "id": "04a54a4004104263a57ddf03934469f8.posteffect", "type": "Bloom", "options": {"opacity": 100, "brightness": -37, "contrast": 98, "size": 1.09}}, "7c7e34a2ffc041108dc779b19ee6daa9.posteffect": {"name": "Antialias", "enabled": true, "sortValue": 2, "id": "7c7e34a2ffc041108dc779b19ee6daa9.posteffect", "type": "Antialias", "options": {"span": 4}}}, "modified": "2015-03-09T12:35:05.528333+00:00", "id": "551736aacb8a460e8427fea4d18731b0.posteffects"}, "59d0f4297dba4be6bd6cc77680ebddc0.entity": {"name": "instrument_glass", "license": "CC0", "created": "2014-09-16T19:02:03.538442+00:00", "deleted": false, "tags": {}, "_readOnly": false, "modified": "2015-03-03T12:09:40.307376+00:00", "dataModelVersion": 2, "static": false, "components": {"transform": {"rotation": [-90, 180, 0], "scale": [0.1, 0.1, 0.1], "translation": [0, 0, 0]}, "meshRenderer": {"reflectable": true, "materials": {"f9a765e0a0e0478dab396de5a8b6635e.material": {"materialRef": "f9a765e0a0e0478dab396de5a8b6635e.material", "sortValue": 0}}, "receiveShadows": true, "cullMode": "Dynamic", "castShadows": true}, "meshData": {"meshRef": "0c803fabcda8463d94c44611da1f0369.mesh", "poseRef": "16c2eb45f3c842c6b93314bd5bf22e6d.skeleton"}}, "hidden": false, "id": "59d0f4297dba4be6bd6cc77680ebddc0.entity"}, "24aa458b0bac4cd1bebf792965dad348.scene": {"publishedUrl": "https://goote.ch/24aa458b0bac4cd1bebf792965dad348.scene", "canvas": {"mode": "Stretch"}, "initialCameraRef": "3ddacac294ca44e28210610345c9d778.entity", "assets": {"1c5a9ad472a44073a4ff2a40c72fcb44.texture": {"sortValue": 38, "assetRef": "1c5a9ad472a44073a4ff2a40c72fcb44.texture"}, "f869e8cc7d564d14b47f48fe98f0e2ac.skybox": {"sortValue": 25, "assetRef": "f869e8cc7d564d14b47f48fe98f0e2ac.skybox"}, "8663b816634b45c98fb83bfdeb7c85a0.material": {"sortValue": 20, "assetRef": "8663b816634b45c98fb83bfdeb7c85a0.material"}, "95c5859d5f104d938f57a86334ccea07.texture": {"sortValue": 95, "assetRef": "95c5859d5f104d938f57a86334ccea07.texture"}, "b22d7f782cc44e44a008329722851934.texture": {"sortValue": 82, "assetRef": "b22d7f782cc44e44a008329722851934.texture"}, "58b8455c936